-------------------------------workclass-------------------------------
                  Precision    Recall       TNR       NPV   F-Score
workclass                                                          
?                  0.304348  0.636364  0.950617  0.987179  0.411765
Federal-gov        0.698630  0.708333  0.834586  0.840909  0.703448
Local-gov          0.699248  0.768595  0.872204  0.906977  0.732283
Private            0.568338  0.730721  0.882933  0.939557  0.639381
Self-emp-inc       0.771654  0.753846  0.684783  0.663158  0.762646
Self-emp-not-inc   0.444444  0.679245  0.777778  0.902579  0.537313
State-gov          0.645570  0.750000  0.851852  0.904494  0.693878
Never-worked            NaN       NaN       NaN  1.000000       NaN
Without-pay             NaN       NaN       NaN  1.000000       NaN
-------------------------------education-------------------------------
              Precision    Recall       TNR       NPV   F-Score
education                                                      
10th           0.111111  0.500000  0.951807  0.993711  0.181818
11th           0.071429  1.000000  0.944681  1.000000  0.133333
12th           0.000000  0.000000  0.952941  0.987805       NaN
1st-4th        0.000000       NaN  0.947368  1.000000       NaN
5th-6th        0.333333  1.000000  0.929825  1.000000  0.500000
7th-8th        0.100000  1.000000  0.931818  1.000000  0.181818
9th            0.000000  0.000000  0.967742  0.989011       NaN
Assoc-acdm     0.606557  0.637931  0.850000  0.866242  0.621849
Assoc-voc      0.515625  0.660000  0.864035  0.920561  0.578947
Bachelors      0.771670  0.711501  0.818792  0.767296  0.740365
Doctorate      0.844828  0.790323  0.550000  0.458333  0.816667
HS-grad        0.298851  0.712329  0.876456  0.976311  0.421053
Masters        0.888325  0.849515  0.830769  0.776978  0.868486
Prof-school    0.901235  0.858824  0.652174  0.555556  0.879518
Some-college   0.383803  0.641176  0.862205  0.947232  0.480176
Preschool           NaN       NaN       NaN  0.857143       NaN
-------------------------------marital-status-------------------------------
                       Precision    Recall       TNR       NPV   F-Score
marital-status                                                          
Divorced                0.266667  0.685714  0.924399  0.986553  0.384000
Married-civ-spouse      0.642394  0.727347  0.723060  0.794966  0.682236
Married-spouse-absent   0.250000  1.000000  0.924051  1.000000  0.400000
Never-married           0.222222  0.880000  0.963087  0.998509  0.354839
Separated               0.307692  0.800000  0.952381  0.994475  0.444444
Widowed                 0.411765  1.000000  0.947917  1.000000  0.583333
Married-AF-spouse            NaN       NaN       NaN  1.000000       NaN
-------------------------------occupation-------------------------------
                   Precision    Recall       TNR       NPV   F-Score
occupation                                                          
?                   0.304348  0.636364  0.951070  0.987302  0.411765
Adm-clerical        0.330275  0.590164  0.894509  0.961180  0.423529
Craft-repair        0.288462  0.705882  0.802929  0.960191  0.409556
Exec-managerial     0.810606  0.764286  0.821853  0.777528  0.786765
Farming-fishing     0.166667  0.571429  0.904762  0.984456  0.258065
Handlers-cleaners   0.142857  0.750000  0.935484  0.996183  0.240000
Machine-op-inspct   0.230769  0.705882  0.888268  0.984520  0.347826
Other-service       0.142857  0.625000  0.952830  0.995074  0.232558
Prof-specialty      0.813830  0.742718  0.827586  0.760181  0.776650
Protective-serv     0.641026  0.735294  0.837209  0.888889  0.684932
Sales               0.540816  0.711409  0.841828  0.917625  0.614493
Tech-support        0.723077  0.701493  0.877551  0.865772  0.712121
Transport-moving    0.257143  0.750000  0.823129  0.975806  0.382979
Armed-Forces             NaN       NaN       NaN  1.000000       NaN
Priv-house-serv          NaN       NaN       NaN  1.000000       NaN
-------------------------------relationship-------------------------------
                Precision    Recall       TNR       NPV   F-Score
relationship                                                     
Husband          0.644481  0.732472  0.720841  0.795918  0.685665
Not-in-family    0.280000  0.790323  0.922557  0.991413  0.413502
Other-relative   0.200000  0.200000  0.978723  0.978723  0.200000
Own-child        0.000000       NaN  0.986083  1.000000       NaN
Unmarried        0.230769  0.818182  0.953632  0.996769  0.360000
Wife             0.651007  0.708029  0.706215  0.757576  0.678322
-------------------------------race-------------------------------
                    Precision    Recall       TNR       NPV   F-Score
race                                                                 
Amer-Indian-Eskimo   0.200000  0.500000  0.931034  0.981818  0.285714
Asian-Pac-Islander   0.640625  0.694915  0.848684  0.877551  0.666667
Black                0.488372  0.736842  0.917293  0.970179  0.587413
Other                0.500000  0.666667  0.945946  0.972222  0.571429
White                0.593814  0.733447  0.866742  0.924483  0.656286
-------------------------------sex-------------------------------
        Precision    Recall       TNR       NPV   F-Score
sex                                                      
Female   0.521739  0.727273  0.943123  0.975923  0.607595
Male     0.599711  0.731922  0.831098  0.899670  0.659253
-------------------------------native-country-------------------------------
                    Precision    Recall       TNR       NPV   F-Score
native-country                                                       
?                    0.518519  0.875000  0.852273  0.974026  0.651163
Cambodia             0.000000       NaN  0.666667  1.000000       NaN
Canada               0.750000  0.750000  0.846154  0.846154  0.750000
China                0.857143  0.666667  0.937500  0.833333  0.750000
Columbia             0.500000  1.000000  0.937500  1.000000  0.666667
Cuba                 0.750000  0.375000  0.933333  0.736842  0.500000
Dominican-Republic   1.000000  1.000000  1.000000  1.000000  1.000000
El-Salvador          0.000000  0.000000  0.928571  0.962963       NaN
England              0.666667  0.500000  0.846154  0.733333  0.571429
France               1.000000  1.000000  1.000000  1.000000  1.000000
Germany              0.818182  0.900000  0.888889  0.941176  0.857143
Greece               0.500000  0.500000  0.800000  0.800000  0.500000
Guatemala            0.000000       NaN  0.900000  1.000000       NaN
Haiti                0.000000       NaN  0.944444  1.000000       NaN
Hong                 1.000000  1.000000  1.000000  1.000000  1.000000
India                0.428571  0.375000  0.692308  0.642857  0.400000
Iran                 1.000000  1.000000  1.000000  1.000000  1.000000
Ireland              1.000000  1.000000  1.000000  1.000000  1.000000
Italy                0.800000  1.000000  0.888889  1.000000  0.888889
Jamaica              0.500000  1.000000  0.916667  1.000000  0.666667
Japan                0.714286  0.555556  0.600000  0.428571  0.625000
Laos                 0.000000       NaN  0.666667  1.000000       NaN
Mexico               0.000000  0.000000  0.969925  0.992308       NaN
Peru                 1.000000  1.000000  1.000000  1.000000  1.000000
Philippines          0.529412  0.750000  0.703704  0.863636  0.620690
Poland               0.500000  1.000000  0.818182  1.000000  0.666667
Portugal             0.000000       NaN  0.857143  1.000000       NaN
Puerto-Rico          1.000000  0.666667  1.000000  0.944444  0.800000
Scotland             0.000000       NaN  0.500000  1.000000       NaN
South                0.500000  1.000000  0.888889  1.000000  0.666667
Taiwan               1.000000  1.000000  1.000000  1.000000  1.000000
Thailand             1.000000  1.000000  1.000000  1.000000  1.000000
United-States        0.585831  0.731293  0.869584  0.927689  0.650530
Yugoslavia           0.000000       NaN  0.666667  1.000000       NaN
Ecuador                   NaN       NaN       NaN  1.000000       NaN
Honduras                  NaN       NaN       NaN  1.000000       NaN
Hungary                   NaN       NaN       NaN  1.000000       NaN
Nicaragua                 NaN       NaN       NaN  1.000000       NaN
Trinadad&Tobago           NaN       NaN       NaN  1.000000       NaN
Vietnam                   NaN       NaN       NaN  1.000000       NaN
